 #LAMBDA,KAPPA_CUM
           1  4.439315831228530E-004
           2  3.729995779466469E-003
           3  7.842962945418539E-003
           4  1.164732854720291E-002
           5  1.347041895706795E-002
           6  2.715102303533045E-002
           7  4.003173439571359E-002
           8  5.240500980518038E-002
           9  5.859806876631542E-002
          10  5.859806876631542E-002
          11  5.859806876631542E-002
          12  5.859806876631542E-002
          13  5.859806876631542E-002
          14  5.859806876631542E-002
          15  5.859806876631542E-002
          16  5.859806876631542E-002
          17  5.859806876631542E-002
          18  5.859806876631542E-002
          19  5.859806876631542E-002
          20  5.859806876631542E-002
          21  5.859806876631542E-002
          22  5.859806876631542E-002
          23  5.859806876631542E-002
          24  5.859806876631542E-002
          25  5.859806876631542E-002
          26  5.859806876631542E-002
          27  5.859806876631542E-002
          28  5.859806876631542E-002
          29  5.859806876631542E-002
          30  5.859806876631542E-002
          31  5.859806876631542E-002
          32  5.859806876631542E-002
          33  5.859806876631542E-002
          34  5.859806876631542E-002
          35  5.859806876631542E-002
          36  5.859806876631542E-002
          37  5.859806876631542E-002
          38  5.859806876631542E-002
          39  5.859806876631542E-002
          40  5.859806876631542E-002
          41  5.859806876631542E-002
          42  5.859806876631542E-002
          43  5.859806876631542E-002
          44  5.859806876631542E-002
          45  5.859806876631542E-002
          46  5.859806876631542E-002
          47  5.859806876631542E-002
          48  5.859806876631542E-002
          49  5.859806876631542E-002
          50  5.859806876631542E-002
          51  5.859806876631542E-002
          52  5.859806876631542E-002
          53  5.859806876631542E-002
          54  5.859806876631542E-002
          55  5.859806876631542E-002
          56  5.859806876631542E-002
          57  5.859806876631542E-002
          58  5.859806876631542E-002
          59  5.859806876631542E-002
          60  5.859806876631542E-002
          61  5.859806876631542E-002
          62  5.859806876631542E-002
          63  5.859806876631542E-002
          64  5.859806876631542E-002
          65  5.859806876631542E-002
          66  5.859806876631542E-002
          67  5.859806876631542E-002
          68  5.859806876631542E-002
          69  5.859806876631542E-002
          70  5.859806876631542E-002
          71  5.859806876631542E-002
          72  5.859806876631542E-002
          73  5.859806876631542E-002
          74  5.859806876631542E-002
          75  5.859806876631542E-002
          76  5.859806876631542E-002
          77  5.859806876631542E-002
          78  5.859806876631542E-002
          79  5.859806876631542E-002
          80  5.859806876631542E-002
          81  5.859806876631542E-002
          82  5.859806876631542E-002
          83  5.859806876631542E-002
          84  5.859806876631542E-002
          85  5.859806876631542E-002
          86  5.859806876631542E-002
          87  5.859806876631542E-002
          88  5.859806876631542E-002
          89  5.859806876631542E-002
          90  5.859806876631542E-002
          91  5.859806876631542E-002
          92  5.859806876631542E-002
          93  5.859806876631542E-002
          94  5.859806876631542E-002
          95  5.859806876631542E-002
          96  5.859806876631542E-002
          97  5.859806876631542E-002
          98  5.859806876631542E-002
          99  5.859806876631542E-002
         100  5.859806876631542E-002
         101  5.859806876631542E-002
         102  5.859806876631542E-002
         103  5.859806876631542E-002
         104  5.859806876631542E-002
         105  5.859806876631542E-002
         106  5.859806876631542E-002
         107  5.859806876631542E-002
         108  5.859806876631542E-002
         109  5.859806876631542E-002
         110  5.859806876631542E-002
         111  5.859806876631542E-002
         112  5.859806876631542E-002
         113  5.859806876631542E-002
         114  5.859806876631542E-002
         115  5.859806876631542E-002
         116  5.859806876631542E-002
         117  5.859806876631542E-002
         118  5.859806876631542E-002
         119  5.859806876631542E-002
         120  5.859806876631542E-002
         121  5.859806876631542E-002
         122  5.859806876631542E-002
         123  5.859806876631542E-002
         124  5.859806876631542E-002
         125  5.859806876631542E-002
         126  5.859806876631542E-002
         127  5.859806876631542E-002
         128  5.859806876631542E-002
         129  5.859806876631542E-002
         130  5.859806876631542E-002
         131  5.859806876631542E-002
         132  5.859806876631542E-002
         133  5.859806876631542E-002
         134  5.859806876631542E-002
         135  5.859806876631542E-002
         136  5.859806876631542E-002
         137  5.859806876631542E-002
         138  5.859806876631542E-002
         139  5.859806876631542E-002
         140  5.859806876631542E-002
         141  5.859806876631542E-002
         142  5.859806876631542E-002
         143  5.859806876631542E-002
         144  5.859806876631542E-002
         145  5.859806876631542E-002
         146  5.859806876631542E-002
         147  5.859806876631542E-002
         148  5.859806876631542E-002
         149  5.859806876631542E-002
         150  5.859806876631542E-002
         151  5.859806876631542E-002
         152  5.859806876631542E-002
         153  5.859806876631542E-002
         154  5.859806876631542E-002
         155  5.859806876631542E-002
         156  5.859806876631542E-002
         157  5.859806876631542E-002
         158  5.859806876631542E-002
         159  5.859806876631542E-002
         160  5.859806876631542E-002
         161  5.859806876631542E-002
         162  5.859806876631542E-002
         163  5.859806876631542E-002
         164  5.859806876631542E-002
         165  5.859806876631542E-002
         166  5.859806876631542E-002
         167  5.859806876631542E-002
         168  5.859806876631542E-002
         169  5.859806876631542E-002
         170  5.859806876631542E-002
         171  5.859806876631542E-002
         172  5.859806876631542E-002
         173  5.859806876631542E-002
         174  5.859806876631542E-002
         175  5.859806876631542E-002
         176  5.859806876631542E-002
         177  5.859806876631542E-002
         178  5.859806876631542E-002
         179  5.859806876631542E-002
         180  5.859806876631542E-002
         181  5.859806876631542E-002
         182  5.859806876631542E-002
         183  5.859806876631542E-002
         184  5.859806876631542E-002
         185  5.859806876631542E-002
         186  5.859806876631542E-002
         187  5.859806876631542E-002
         188  5.859806876631542E-002
         189  5.859806876631542E-002
         190  5.859806876631542E-002
         191  5.859806876631542E-002
         192  5.859806876631542E-002
         193  5.859806876631542E-002
         194  5.859806876631542E-002
         195  5.859806876631542E-002
         196  5.859806876631542E-002
         197  5.859806876631542E-002
         198  5.859806876631542E-002
         199  5.859806876631542E-002
         200  5.859806876631542E-002
         201  5.859806876631542E-002
         202  5.859806876631542E-002
         203  5.859806876631542E-002
         204  5.859806876631542E-002
         205  5.859806876631542E-002
         206  5.859806876631542E-002
         207  5.859806876631542E-002
         208  5.859806876631542E-002
         209  5.859806876631542E-002
         210  5.859806876631542E-002
         211  5.859806876631542E-002
         212  5.859806876631542E-002
         213  5.859806876631542E-002
         214  5.859806876631542E-002
         215  5.859806876631542E-002
         216  5.859806876631542E-002
         217  5.859806876631542E-002
         218  5.859806876631542E-002
         219  5.859806876631542E-002
         220  5.859806876631542E-002
         221  5.859806876631542E-002
         222  5.859806876631542E-002
         223  5.859806876631542E-002
         224  5.859806876631542E-002
         225  5.859806876631542E-002
         226  5.859806876631542E-002
         227  5.859806876631542E-002
         228  5.859806876631542E-002
         229  5.859806876631542E-002
         230  5.859806876631542E-002
         231  5.859806876631542E-002
         232  5.859806876631542E-002
         233  5.859806876631542E-002
         234  5.859806876631542E-002
         235  5.859806876631542E-002
         236  5.859806876631542E-002
         237  5.859806876631542E-002
         238  5.859806876631542E-002
         239  5.859806876631542E-002
         240  5.859806876631542E-002
         241  5.859806876631542E-002
         242  5.859806876631542E-002
         243  5.859806876631542E-002
         244  5.859806876631542E-002
         245  5.859806876631542E-002
         246  5.859806876631542E-002
         247  5.859806876631542E-002
         248  5.859806876631542E-002
         249  5.859806876631542E-002
         250  5.859806876631542E-002
         251  5.859806876631542E-002
         252  5.859806876631542E-002
         253  5.859806876631542E-002
         254  5.859806876631542E-002
         255  5.859806876631542E-002
         256  5.859806876631542E-002
         257  5.859806876631542E-002
         258  5.859806876631542E-002
         259  5.859806876631542E-002
         260  5.859806876631542E-002
         261  5.859806876631542E-002
         262  5.859806876631542E-002
         263  5.859806876631542E-002
         264  5.859806876631542E-002
         265  5.859806876631542E-002
         266  5.859806876631542E-002
         267  5.859806876631542E-002
         268  5.859806876631542E-002
         269  5.859806876631542E-002
         270  5.859806876631542E-002
         271  5.859806876631542E-002
         272  5.859806876631542E-002
         273  5.859806876631542E-002
         274  5.859806876631542E-002
         275  5.859806876631542E-002
         276  5.859806876631542E-002
         277  5.859806876631542E-002
         278  5.859806876631542E-002
         279  5.859806876631542E-002
         280  5.859806876631542E-002
         281  5.859806876631542E-002
         282  5.859806876631542E-002
         283  5.859806876631542E-002
         284  5.859806876631542E-002
         285  5.859806876631542E-002
         286  5.859806876631542E-002
         287  5.859806876631542E-002
         288  5.859806876631542E-002
         289  5.859806876631542E-002
         290  5.859806876631542E-002
         291  5.859806876631542E-002
         292  5.859806876631542E-002
         293  5.859806876631542E-002
         294  5.859806876631542E-002
         295  5.859806876631542E-002
         296  5.859806876631542E-002
         297  5.859806876631542E-002
         298  5.859806876631542E-002
         299  5.859806876631542E-002
         300  5.859806876631542E-002
         301  5.859806876631542E-002
         302  5.859806876631542E-002
         303  5.859806876631542E-002
         304  5.859806876631542E-002
         305  5.859806876631542E-002
         306  5.859806876631542E-002
         307  5.859806876631542E-002
         308  5.859806876631542E-002
         309  5.859806876631542E-002
         310  5.859806876631542E-002
         311  5.859806876631542E-002
         312  5.859806876631542E-002
         313  5.859806876631542E-002
         314  5.859806876631542E-002
         315  5.859806876631542E-002
         316  5.859806876631542E-002
         317  5.859806876631542E-002
         318  5.859806876631542E-002
         319  5.859806876631542E-002
         320  5.859806876631542E-002
         321  5.859806876631542E-002
         322  5.859806876631542E-002
         323  5.859806876631542E-002
         324  5.859806876631542E-002
         325  5.859806876631542E-002
         326  5.859806876631542E-002
         327  5.859806876631542E-002
         328  5.859806876631542E-002
         329  5.859806876631542E-002
         330  5.859806876631542E-002
         331  5.859806876631542E-002
         332  5.859806876631542E-002
         333  5.859806876631542E-002
         334  5.859806876631542E-002
         335  5.859806876631542E-002
         336  5.859806876631542E-002
         337  5.859806876631542E-002
         338  5.859806876631542E-002
         339  5.859806876631542E-002
         340  5.859806876631542E-002
         341  5.859806876631542E-002
         342  5.859806876631542E-002
         343  5.859806876631542E-002
         344  5.859806876631542E-002
         345  5.859806876631542E-002
         346  5.859806876631542E-002
         347  5.859806876631542E-002
         348  5.859806876631542E-002
         349  5.859806876631542E-002
         350  5.859806876631542E-002
         351  5.859806876631542E-002
         352  5.859806876631542E-002
         353  5.859806876631542E-002
         354  5.859806876631542E-002
         355  5.859806876631542E-002
         356  5.859806876631542E-002
         357  5.859806876631542E-002
         358  5.859806876631542E-002
         359  5.859806876631542E-002
         360  5.859806876631542E-002
         361  5.859806876631542E-002
         362  5.859806876631542E-002
         363  5.859806876631542E-002
         364  5.859806876631542E-002
         365  5.859806876631542E-002
         366  5.859806876631542E-002
         367  5.859806876631542E-002
         368  5.859806876631542E-002
         369  5.859806876631542E-002
         370  5.859806876631542E-002
         371  5.859806876631542E-002
         372  5.859806876631542E-002
         373  5.859806876631542E-002
         374  5.859806876631542E-002
         375  5.859806876631542E-002
         376  5.859806876631542E-002
         377  5.859806876631542E-002
         378  5.859806876631542E-002
         379  5.859806876631542E-002
         380  5.859806876631542E-002
         381  5.859806876631542E-002
         382  5.859806876631542E-002
         383  5.859806876631542E-002
         384  5.859806876631542E-002
         385  5.859806876631542E-002
         386  5.859806876631542E-002
         387  5.859806876631542E-002
         388  5.859806876631542E-002
         389  5.859806876631542E-002
         390  5.859806876631542E-002
         391  5.859806876631542E-002
         392  5.859806876631542E-002
         393  5.859806876631542E-002
         394  5.859806876631542E-002
         395  5.859806876631542E-002
         396  5.859806876631542E-002
         397  5.859806876631542E-002
         398  5.859806876631542E-002
         399  5.859806876631542E-002
         400  5.859806876631542E-002
         401  5.859806876631542E-002
         402  5.859806876631542E-002
         403  5.859806876631542E-002
         404  5.859806876631542E-002
         405  5.859806876631542E-002
         406  5.859806876631542E-002
         407  5.859806876631542E-002
         408  5.859806876631542E-002
         409  5.859806876631542E-002
         410  5.859806876631542E-002
         411  5.859806876631542E-002
         412  5.859806876631542E-002
         413  5.859806876631542E-002
         414  5.859806876631542E-002
         415  5.859806876631542E-002
         416  5.859806876631542E-002
         417  5.859806876631542E-002
         418  5.859806876631542E-002
         419  5.859806876631542E-002
         420  5.859806876631542E-002
         421  5.859806876631542E-002
         422  5.859806876631542E-002
         423  5.859806876631542E-002
         424  5.859806876631542E-002
         425  5.859806876631542E-002
         426  5.859806876631542E-002
         427  5.859806876631542E-002
         428  5.859806876631542E-002
         429  5.859806876631542E-002
         430  5.859806876631542E-002
         431  5.859806876631542E-002
         432  5.859806876631542E-002
         433  5.859806876631542E-002
         434  5.859806876631542E-002
         435  5.859806876631542E-002
         436  5.859806876631542E-002
         437  5.859806876631542E-002
         438  5.859806876631542E-002
         439  5.859806876631542E-002
         440  5.859806876631542E-002
         441  5.859806876631542E-002
         442  5.859806876631542E-002
         443  5.859806876631542E-002
         444  5.859806876631542E-002
         445  5.859806876631542E-002
         446  5.859806876631542E-002
         447  5.859806876631542E-002
         448  5.859806876631542E-002
         449  5.859806876631542E-002
         450  5.859806876631542E-002
         451  5.859806876631542E-002
         452  5.859806876631542E-002
         453  5.859806876631542E-002
         454  5.859806876631542E-002
         455  5.859806876631542E-002
         456  5.859806876631542E-002
         457  5.859806876631542E-002
         458  5.859806876631542E-002
         459  5.859806876631542E-002
         460  5.859806876631542E-002
         461  5.859806876631542E-002
         462  5.859806876631542E-002
         463  5.859806876631542E-002
         464  5.859806876631542E-002
         465  5.859806876631542E-002
         466  5.859806876631542E-002
         467  5.859806876631542E-002
         468  5.859806876631542E-002
         469  5.859806876631542E-002
         470  5.859806876631542E-002
         471  5.859806876631542E-002
         472  5.859806876631542E-002
         473  5.859806876631542E-002
         474  5.859806876631542E-002
         475  5.859806876631542E-002
         476  5.859806876631542E-002
         477  5.859806876631542E-002
         478  5.859806876631542E-002
         479  5.859806876631542E-002
         480  5.859806876631542E-002
         481  5.859806876631542E-002
         482  5.859806876631542E-002
         483  5.859806876631542E-002
         484  5.859806876631542E-002
         485  5.859806876631542E-002
         486  5.859806876631542E-002
         487  5.859806876631542E-002
         488  5.859806876631542E-002
         489  5.859806876631542E-002
         490  5.859806876631542E-002
         491  5.859806876631542E-002
         492  5.859806876631542E-002
         493  5.859806876631542E-002
         494  5.859806876631542E-002
         495  5.859806876631542E-002
         496  5.859806876631542E-002
         497  5.859806876631542E-002
         498  5.859806876631542E-002
         499  5.859806876631542E-002
         500  5.859806876631542E-002
         501  5.859806876631542E-002
         502  5.859806876631542E-002
         503  5.859806876631542E-002
         504  5.859806876631542E-002
         505  5.859806876631542E-002
         506  5.859806876631542E-002
         507  5.859806876631542E-002
         508  5.859806876631542E-002
         509  5.859806876631542E-002
         510  5.859806876631542E-002
         511  5.859806876631542E-002
         512  5.859806876631542E-002
         513  5.859806876631542E-002
         514  5.859806876631542E-002
         515  5.859806876631542E-002
         516  5.859806876631542E-002
         517  5.859806876631542E-002
         518  5.859806876631542E-002
         519  5.859806876631542E-002
         520  5.859806876631542E-002
         521  5.859806876631542E-002
         522  5.859806876631542E-002
         523  5.859806876631542E-002
         524  5.859806876631542E-002
         525  5.859806876631542E-002
         526  5.859806876631542E-002
         527  5.859806876631542E-002
         528  5.859806876631542E-002
         529  5.859806876631542E-002
         530  5.859806876631542E-002
         531  5.859806876631542E-002
         532  5.859806876631542E-002
         533  5.859806876631542E-002
         534  5.859806876631542E-002
         535  5.859806876631542E-002
         536  5.859806876631542E-002
         537  5.859806876631542E-002
         538  5.859806876631542E-002
         539  5.859806876631542E-002
         540  5.859806876631542E-002
         541  5.859806876631542E-002
         542  5.859806876631542E-002
         543  5.859806876631542E-002
         544  5.859806876631542E-002
         545  5.859806876631542E-002
         546  5.859806876631542E-002
         547  5.859806876631542E-002
         548  5.859806876631542E-002
         549  5.859806876631542E-002
         550  5.859806876631542E-002
         551  5.859806876631542E-002
         552  5.859806876631542E-002
         553  5.859806876631542E-002
         554  5.859806876631542E-002
         555  5.859806876631542E-002
         556  5.859806876631542E-002
         557  5.859806876631542E-002
         558  5.859806876631542E-002
         559  5.859806876631542E-002
         560  5.859806876631542E-002
         561  5.859806876631542E-002
         562  5.859806876631542E-002
         563  5.859806876631542E-002
         564  5.859806876631542E-002
         565  5.859806876631542E-002
         566  5.859806876631542E-002
         567  5.859806876631542E-002
         568  5.859806876631542E-002
         569  5.859806876631542E-002
         570  5.859806876631542E-002
         571  5.859806876631542E-002
         572  5.859806876631542E-002
         573  5.859806876631542E-002
         574  5.859806876631542E-002
         575  5.859806876631542E-002
         576  5.859806876631542E-002
         577  5.859806876631542E-002
         578  5.859806876631542E-002
         579  5.859806876631542E-002
         580  5.859806876631542E-002
         581  5.859806876631542E-002
         582  5.859806876631542E-002
         583  5.859806876631542E-002
         584  5.859806876631542E-002
         585  5.859806876631542E-002
         586  5.859806876631542E-002
         587  5.859806876631542E-002
         588  5.859806876631542E-002
         589  5.859806876631542E-002
         590  5.859806876631542E-002
         591  5.859806876631542E-002
         592  5.859806876631542E-002
         593  5.859806876631542E-002
         594  5.859806876631542E-002
         595  5.859806876631542E-002
         596  5.859806876631542E-002
         597  5.859806876631542E-002
         598  5.859806876631542E-002
         599  5.859806876631542E-002
         600  5.859806876631542E-002
         601  5.859806876631542E-002
         602  5.859806876631542E-002
         603  5.859806876631542E-002
         604  5.859806876631542E-002
         605  5.859806876631542E-002
         606  5.859806876631542E-002
         607  5.859806876631542E-002
         608  5.859806876631542E-002
         609  5.859806876631542E-002
         610  5.859806876631542E-002
         611  5.859806876631542E-002
         612  5.859806876631542E-002
         613  5.859806876631542E-002
         614  5.859806876631542E-002
         615  5.859806876631542E-002
         616  5.859806876631542E-002
         617  5.859806876631542E-002
         618  5.859806876631542E-002
         619  5.859806876631542E-002
         620  5.859806876631542E-002
         621  5.859806876631542E-002
         622  5.859806876631542E-002
         623  5.859806876631542E-002
         624  5.859806876631542E-002
         625  5.859806876631542E-002
         626  5.859806876631542E-002
         627  5.859806876631542E-002
         628  5.859806876631542E-002
         629  5.859806876631542E-002
         630  5.859806876631542E-002
         631  5.859806876631542E-002
         632  5.859806876631542E-002
         633  5.859806876631542E-002
         634  5.859806876631542E-002
         635  5.859806876631542E-002
         636  5.859806876631542E-002
         637  5.859806876631542E-002
         638  5.859806876631542E-002
         639  5.859806876631542E-002
         640  5.859806876631542E-002
         641  5.859806876631542E-002
         642  5.859806876631542E-002
         643  5.859806876631542E-002
         644  5.859806876631542E-002
         645  5.859806876631542E-002
         646  5.859806876631542E-002
         647  5.859806876631542E-002
         648  5.859806876631542E-002
         649  5.859806876631542E-002
         650  5.859806876631542E-002
         651  5.859806876631542E-002
         652  5.859806876631542E-002
         653  5.859806876631542E-002
         654  5.859806876631542E-002
         655  5.859806876631542E-002
         656  5.859806876631542E-002
         657  5.859806876631542E-002
         658  5.859806876631542E-002
         659  5.859806876631542E-002
         660  5.859806876631542E-002
         661  5.859806876631542E-002
         662  5.859806876631542E-002
         663  5.859806876631542E-002
         664  5.859806876631542E-002
         665  5.859806876631542E-002
         666  5.859806876631542E-002
         667  5.859806876631542E-002
         668  5.859806876631542E-002
         669  5.859806876631542E-002
         670  5.859806876631542E-002
         671  5.859806876631542E-002
         672  5.859806876631542E-002
         673  5.859806876631542E-002
         674  5.859806876631542E-002
         675  5.859806876631542E-002
         676  5.859806876631542E-002
         677  5.859806876631542E-002
         678  5.859806876631542E-002
         679  5.859806876631542E-002
         680  5.859806876631542E-002
         681  5.859806876631542E-002
         682  5.859806876631542E-002
         683  5.859806876631542E-002
         684  5.859806876631542E-002
         685  5.859806876631542E-002
         686  5.859806876631542E-002
         687  5.859806876631542E-002
         688  5.859806876631542E-002
         689  5.859806876631542E-002
         690  5.859806876631542E-002
         691  5.859806876631542E-002
         692  5.859806876631542E-002
         693  5.859806876631542E-002
         694  5.859806876631542E-002
         695  5.859806876631542E-002
         696  5.859806876631542E-002
         697  5.859806876631542E-002
         698  5.859806876631542E-002
         699  5.859806876631542E-002
         700  5.859806876631542E-002
         701  5.859806876631542E-002
         702  5.859806876631542E-002
         703  5.859806876631542E-002
         704  5.859806876631542E-002
         705  5.859806876631542E-002
         706  5.859806876631542E-002
         707  5.859806876631542E-002
         708  5.859806876631542E-002
         709  5.859806876631542E-002
         710  5.859806876631542E-002
         711  5.859806876631542E-002
         712  5.859806876631542E-002
         713  5.859806876631542E-002
         714  5.859806876631542E-002
         715  5.859806876631542E-002
         716  5.859806876631542E-002
         717  5.859806876631542E-002
         718  5.859806876631542E-002
         719  5.859806876631542E-002
         720  5.859806876631542E-002
         721  5.859806876631542E-002
         722  5.859806876631542E-002
         723  5.859806876631542E-002
         724  5.859806876631542E-002
         725  5.859806876631542E-002
         726  5.859806876631542E-002
         727  5.859806876631542E-002
         728  5.859806876631542E-002
         729  5.859806876631542E-002
         730  5.859806876631542E-002
         731  5.859806876631542E-002
         732  5.859806876631542E-002
         733  5.859806876631542E-002
         734  5.859806876631542E-002
         735  5.859806876631542E-002
         736  5.859806876631542E-002
         737  5.859806876631542E-002
         738  5.859806876631542E-002
         739  5.859806876631542E-002
         740  5.859806876631542E-002
         741  5.859806876631542E-002
         742  5.859806876631542E-002
         743  5.859806876631542E-002
         744  5.859806876631542E-002
         745  5.859806876631542E-002
         746  5.859806876631542E-002
         747  5.859806876631542E-002
         748  5.859806876631542E-002
         749  5.859806876631542E-002
         750  5.859806876631542E-002
         751  5.859806876631542E-002
         752  5.859806876631542E-002
         753  5.859806876631542E-002
         754  5.859806876631542E-002
         755  5.859806876631542E-002
         756  5.859806876631542E-002
         757  5.859806876631542E-002
         758  5.859806876631542E-002
         759  5.859806876631542E-002
         760  5.859806876631542E-002
         761  5.859806876631542E-002
         762  5.859806876631542E-002
         763  5.859806876631542E-002
         764  5.859806876631542E-002
         765  5.859806876631542E-002
         766  5.859806876631542E-002
         767  5.859806876631542E-002
         768  5.859806876631542E-002
         769  5.859806876631542E-002
         770  5.859806876631542E-002
         771  5.859806876631542E-002
         772  5.859806876631542E-002
         773  5.859806876631542E-002
         774  5.859806876631542E-002
         775  5.859806876631542E-002
         776  5.859806876631542E-002
         777  5.859806876631542E-002
         778  5.859806876631542E-002
         779  5.859806876631542E-002
         780  5.859806876631542E-002
         781  5.859806876631542E-002
         782  5.859806876631542E-002
         783  5.859806876631542E-002
         784  5.859806876631542E-002
         785  5.859806876631542E-002
         786  5.859806876631542E-002
         787  5.859806876631542E-002
         788  5.859806876631542E-002
         789  5.859806876631542E-002
         790  5.859806876631542E-002
         791  5.859806876631542E-002
         792  5.859806876631542E-002
         793  5.859806876631542E-002
         794  5.859806876631542E-002
         795  5.859806876631542E-002
         796  5.859806876631542E-002
         797  5.859806876631542E-002
         798  5.859806876631542E-002
         799  5.859806876631542E-002
         800  5.859806876631542E-002
         801  5.859806876631542E-002
         802  5.859806876631542E-002
         803  5.859806876631542E-002
         804  5.859806876631542E-002
         805  5.859806876631542E-002
         806  5.859806876631542E-002
         807  5.859806876631542E-002
         808  5.859806876631542E-002
         809  5.859806876631542E-002
         810  5.859806876631542E-002
         811  5.859806876631542E-002
         812  5.859806876631542E-002
         813  5.859806876631542E-002
         814  5.859806876631542E-002
         815  5.859806876631542E-002
         816  5.859806876631542E-002
         817  5.859806876631542E-002
         818  5.859806876631542E-002
         819  5.859806876631542E-002
         820  5.859806876631542E-002
         821  5.859806876631542E-002
         822  5.859806876631542E-002
         823  5.859806876631542E-002
         824  5.859806876631542E-002
         825  5.859806876631542E-002
         826  5.859806876631542E-002
         827  5.859806876631542E-002
         828  5.859806876631542E-002
         829  5.859806876631542E-002
         830  5.859806876631542E-002
         831  5.859806876631542E-002
         832  5.859806876631542E-002
         833  5.859806876631542E-002
         834  5.859806876631542E-002
         835  5.859806876631542E-002
         836  5.859806876631542E-002
         837  5.859806876631542E-002
         838  5.859806876631542E-002
         839  5.859806876631542E-002
         840  5.859806876631542E-002
         841  5.859806876631542E-002
         842  5.859806876631542E-002
         843  5.859806876631542E-002
         844  5.859806876631542E-002
         845  5.859806876631542E-002
         846  5.859806876631542E-002
         847  5.859806876631542E-002
         848  5.859806876631542E-002
         849  5.859806876631542E-002
         850  5.859806876631542E-002
         851  5.859806876631542E-002
         852  5.859806876631542E-002
         853  5.859806876631542E-002
         854  5.859806876631542E-002
         855  5.859806876631542E-002
         856  5.859806876631542E-002
         857  5.859806876631542E-002
         858  5.859806876631542E-002
         859  5.859806876631542E-002
         860  5.859806876631542E-002
         861  5.859806876631542E-002
         862  5.859806876631542E-002
         863  5.859806876631542E-002
         864  5.859806876631542E-002
         865  5.859806876631542E-002
         866  5.859806876631542E-002
         867  5.859806876631542E-002
         868  5.859806876631542E-002
         869  5.859806876631542E-002
         870  5.859806876631542E-002
         871  5.859806876631542E-002
         872  5.859806876631542E-002
         873  5.859806876631542E-002
         874  5.859806876631542E-002
         875  5.859806876631542E-002
         876  5.859806876631542E-002
         877  5.859806876631542E-002
         878  5.859806876631542E-002
         879  5.859806876631542E-002
         880  5.859806876631542E-002
         881  5.859806876631542E-002
         882  5.859806876631542E-002
         883  5.859806876631542E-002
         884  5.859806876631542E-002
         885  5.859806876631542E-002
         886  5.859806876631542E-002
         887  5.859806876631542E-002
         888  5.859806876631542E-002
         889  5.859806876631542E-002
         890  5.859806876631542E-002
         891  5.859806876631542E-002
         892  5.859806876631542E-002
         893  5.859806876631542E-002
         894  5.859806876631542E-002
         895  5.859806876631542E-002
         896  5.859806876631542E-002
         897  5.859806876631542E-002
         898  5.859806876631542E-002
         899  5.859806876631542E-002
         900  5.859806876631542E-002
         901  5.859806876631542E-002
         902  5.859806876631542E-002
         903  5.859806876631542E-002
         904  5.859806876631542E-002
         905  5.859806876631542E-002
         906  5.859806876631542E-002
         907  5.859806876631542E-002
         908  5.859806876631542E-002
         909  5.859806876631542E-002
         910  5.859806876631542E-002
         911  5.859806876631542E-002
         912  5.859806876631542E-002
         913  5.859806876631542E-002
         914  5.859806876631542E-002
         915  5.859806876631542E-002
         916  5.859806876631542E-002
         917  5.859806876631542E-002
         918  5.859806876631542E-002
         919  5.859806876631542E-002
         920  5.859806876631542E-002
         921  5.859806876631542E-002
         922  5.859806876631542E-002
         923  5.859806876631542E-002
         924  5.859806876631542E-002
         925  5.859806876631542E-002
         926  5.859806876631542E-002
         927  5.859806876631542E-002
         928  5.859806876631542E-002
         929  5.859806876631542E-002
         930  5.859806876631542E-002
         931  5.859806876631542E-002
         932  5.859806876631542E-002
         933  5.859806876631542E-002
         934  5.859806876631542E-002
         935  5.859806876631542E-002
         936  5.859806876631542E-002
         937  5.859806876631542E-002
         938  5.859806876631542E-002
         939  5.859806876631542E-002
         940  5.859806876631542E-002
         941  5.859806876631542E-002
         942  5.859806876631542E-002
         943  5.859806876631542E-002
         944  5.859806876631542E-002
         945  5.859806876631542E-002
         946  5.859806876631542E-002
         947  5.859806876631542E-002
         948  5.859806876631542E-002
         949  5.859806876631542E-002
         950  5.859806876631542E-002
         951  5.859806876631542E-002
         952  5.859806876631542E-002
         953  5.859806876631542E-002
         954  5.859806876631542E-002
         955  5.859806876631542E-002
         956  5.859806876631542E-002
         957  5.859806876631542E-002
         958  5.859806876631542E-002
         959  5.859806876631542E-002
         960  5.859806876631542E-002
         961  5.859806876631542E-002
         962  5.859806876631542E-002
         963  5.859806876631542E-002
         964  5.859806876631542E-002
         965  5.859806876631542E-002
         966  5.859806876631542E-002
         967  5.859806876631542E-002
         968  5.859806876631542E-002
         969  5.859806876631542E-002
         970  5.859806876631542E-002
         971  5.859806876631542E-002
         972  5.859806876631542E-002
         973  5.859806876631542E-002
         974  5.859806876631542E-002
         975  5.859806876631542E-002
         976  5.859806876631542E-002
         977  5.859806876631542E-002
         978  5.859806876631542E-002
         979  5.859806876631542E-002
         980  5.859806876631542E-002
         981  5.859806876631542E-002
         982  5.859806876631542E-002
         983  5.859806876631542E-002
         984  5.859806876631542E-002
         985  5.859806876631542E-002
         986  5.859806876631542E-002
         987  5.859806876631542E-002
         988  5.859806876631542E-002
         989  5.859806876631542E-002
         990  5.859806876631542E-002
         991  5.859806876631542E-002
         992  5.859806876631542E-002
         993  5.859806876631542E-002
         994  5.859806876631542E-002
         995  5.859806876631542E-002
         996  5.859806876631542E-002
         997  5.859806876631542E-002
         998  5.859806876631542E-002
         999  5.859806876631542E-002
        1000  5.859806876631542E-002
        1001  5.859806876631542E-002
        1002  5.859806876631542E-002
        1003  5.859806876631542E-002
        1004  5.859806876631542E-002
        1005  5.859806876631542E-002
        1006  5.859806876631542E-002
        1007  5.859806876631542E-002
        1008  5.859806876631542E-002
        1009  5.859806876631542E-002
        1010  5.859806876631542E-002
        1011  5.859806876631542E-002
        1012  5.859806876631542E-002
        1013  5.859806876631542E-002
        1014  5.859806876631542E-002
        1015  5.859806876631542E-002
        1016  5.859806876631542E-002
        1017  5.859806876631542E-002
        1018  5.859806876631542E-002
        1019  5.859806876631542E-002
        1020  5.859806876631542E-002
        1021  5.859806876631542E-002
        1022  5.859806876631542E-002
        1023  5.859806876631542E-002
        1024  5.859806876631542E-002
        1025  5.859806876631542E-002
        1026  5.859806876631542E-002
        1027  5.859806876631542E-002
        1028  5.859806876631542E-002
        1029  5.859806876631542E-002
        1030  5.859806876631542E-002
        1031  5.859806876631542E-002
        1032  5.859806876631542E-002
        1033  5.859806876631542E-002
        1034  5.859806876631542E-002
        1035  5.859806876631542E-002
        1036  5.859806876631542E-002
        1037  5.859806876631542E-002
        1038  5.859806876631542E-002
        1039  5.859806876631542E-002
        1040  5.859806876631542E-002
        1041  5.859806876631542E-002
        1042  5.859806876631542E-002
        1043  5.859806876631542E-002
        1044  5.859806876631542E-002
        1045  5.859806876631542E-002
        1046  5.859806876631542E-002
        1047  5.859806876631542E-002
        1048  5.859806876631542E-002
        1049  5.859806876631542E-002
        1050  5.859806876631542E-002
        1051  5.859806876631542E-002
        1052  5.859806876631542E-002
        1053  5.859806876631542E-002
        1054  5.859806876631542E-002
        1055  5.859806876631542E-002
        1056  5.859806876631542E-002
        1057  5.859806876631542E-002
        1058  5.859806876631542E-002
        1059  5.859806876631542E-002
        1060  5.859806876631542E-002
        1061  5.859806876631542E-002
        1062  5.859806876631542E-002
        1063  5.859806876631542E-002
        1064  5.859806876631542E-002
        1065  5.859806876631542E-002
        1066  5.859806876631542E-002
        1067  5.859806876631542E-002
        1068  5.859806876631542E-002
        1069  5.859806876631542E-002
        1070  5.859806876631542E-002
        1071  5.859806876631542E-002
        1072  5.859806876631542E-002
        1073  5.859806876631542E-002
        1074  5.859806876631542E-002
        1075  5.859806876631542E-002
        1076  5.859806876631542E-002
        1077  5.859806876631542E-002
        1078  5.859806876631542E-002
        1079  5.859806876631542E-002
        1080  5.859806876631542E-002
        1081  5.859806876631542E-002
        1082  5.859806876631542E-002
        1083  5.859806876631542E-002
        1084  5.859806876631542E-002
        1085  5.859806876631542E-002
        1086  5.859806876631542E-002
        1087  5.859806876631542E-002
        1088  5.859806876631542E-002
        1089  5.859806876631542E-002
        1090  5.859806876631542E-002
        1091  5.859806876631542E-002
        1092  5.859806876631542E-002
        1093  5.859806876631542E-002
        1094  5.859806876631542E-002
        1095  5.859806876631542E-002
        1096  5.859806876631542E-002
        1097  5.859806876631542E-002
        1098  5.859806876631542E-002
        1099  5.859806876631542E-002
        1100  5.859806876631542E-002
        1101  5.859806876631542E-002
        1102  5.859806876631542E-002
        1103  5.859806876631542E-002
        1104  5.859806876631542E-002
        1105  5.859806876631542E-002
        1106  5.859806876631542E-002
        1107  5.859806876631542E-002
        1108  5.859806876631542E-002
        1109  5.859806876631542E-002
        1110  5.859806876631542E-002
        1111  5.859806876631542E-002
        1112  5.859806876631542E-002
        1113  5.859806876631542E-002
        1114  5.859806876631542E-002
        1115  5.859806876631542E-002
        1116  5.859806876631542E-002
        1117  5.859806876631542E-002
        1118  5.859806876631542E-002
        1119  5.859806876631542E-002
        1120  5.859806876631542E-002
        1121  5.859806876631542E-002
        1122  5.859806876631542E-002
        1123  5.859806876631542E-002
        1124  5.859806876631542E-002
        1125  5.859806876631542E-002
        1126  5.859806876631542E-002
        1127  5.859806876631542E-002
        1128  5.859806876631542E-002
        1129  5.859806876631542E-002
        1130  5.859806876631542E-002
        1131  5.859806876631542E-002
        1132  5.859806876631542E-002
        1133  5.859806876631542E-002
        1134  5.859806876631542E-002
        1135  5.859806876631542E-002
        1136  5.859806876631542E-002
        1137  5.859806876631542E-002
        1138  5.859806876631542E-002
        1139  5.859806876631542E-002
        1140  5.859806876631542E-002
        1141  5.859806876631542E-002
        1142  5.859806876631542E-002
        1143  5.859806876631542E-002
        1144  5.859806876631542E-002
        1145  5.859806876631542E-002
        1146  5.859806876631542E-002
        1147  5.859806876631542E-002
        1148  5.859806876631542E-002
        1149  5.859806876631542E-002
        1150  5.859806876631542E-002
        1151  5.859806876631542E-002
        1152  5.859806876631542E-002
        1153  5.859806876631542E-002
        1154  5.859806876631542E-002
        1155  5.859806876631542E-002
        1156  5.859806876631542E-002
        1157  5.859806876631542E-002
        1158  5.859806876631542E-002
        1159  5.859806876631542E-002
        1160  5.859806876631542E-002
        1161  5.859806876631542E-002
        1162  5.859806876631542E-002
        1163  5.859806876631542E-002
        1164  5.859806876631542E-002
        1165  5.859806876631542E-002
        1166  5.859806876631542E-002
        1167  5.859806876631542E-002
        1168  5.859806876631542E-002
        1169  5.859806876631542E-002
        1170  5.859806876631542E-002
        1171  5.859806876631542E-002
        1172  5.859806876631542E-002
        1173  5.859806876631542E-002
        1174  5.859806876631542E-002
        1175  5.859806876631542E-002
        1176  5.859806876631542E-002
        1177  5.859806876631542E-002
        1178  5.859806876631542E-002
        1179  5.859806876631542E-002
        1180  5.859806876631542E-002
        1181  5.859806876631542E-002
        1182  5.859806876631542E-002
        1183  5.859806876631542E-002
        1184  5.859806876631542E-002
        1185  5.859806876631542E-002
        1186  5.859806876631542E-002
        1187  5.859806876631542E-002
        1188  5.859806876631542E-002
        1189  5.859806876631542E-002
        1190  5.859806876631542E-002
        1191  5.859806876631542E-002
        1192  5.859806876631542E-002
        1193  5.859806876631542E-002
        1194  5.859806876631542E-002
        1195  5.859806876631542E-002
        1196  5.859806876631542E-002
        1197  5.859806876631542E-002
        1198  5.859806876631542E-002
        1199  5.859806876631542E-002
        1200  5.859806876631542E-002
        1201  5.859806876631542E-002
        1202  5.859806876631542E-002
        1203  5.859806876631542E-002
        1204  5.859806876631542E-002
        1205  5.859806876631542E-002
        1206  5.859806876631542E-002
        1207  5.859806876631542E-002
        1208  5.859806876631542E-002
        1209  5.859806876631542E-002
        1210  5.859806876631542E-002
        1211  5.859806876631542E-002
        1212  5.859806876631542E-002
        1213  5.859806876631542E-002
        1214  5.859806876631542E-002
        1215  5.859806876631542E-002
        1216  5.859806876631542E-002
        1217  5.859806876631542E-002
        1218  5.859806876631542E-002
        1219  5.859806876631542E-002
        1220  5.859806876631542E-002
        1221  5.859806876631542E-002
        1222  5.859806876631542E-002
        1223  5.859806876631542E-002
        1224  5.859806876631542E-002
        1225  5.859806876631542E-002
        1226  5.859806876631542E-002
        1227  5.859806876631542E-002
        1228  5.859806876631542E-002
        1229  5.859806876631542E-002
        1230  5.859806876631542E-002
        1231  5.859806876631542E-002
        1232  5.859806876631542E-002
        1233  5.859806876631542E-002
        1234  5.859806876631542E-002
        1235  5.859806876631542E-002
        1236  5.859806876631542E-002
        1237  5.859806876631542E-002
        1238  5.859806876631542E-002
        1239  5.859806876631542E-002
        1240  5.859806876631542E-002
        1241  5.859806876631542E-002
        1242  5.859806876631542E-002
        1243  5.859806876631542E-002
        1244  5.859806876631542E-002
        1245  5.859806876631542E-002
        1246  5.859806876631542E-002
        1247  5.859806876631542E-002
        1248  5.859806876631542E-002
        1249  5.859806876631542E-002
        1250  5.859806876631542E-002
        1251  5.859806876631542E-002
        1252  5.859806876631542E-002
        1253  5.859806876631542E-002
        1254  5.859806876631542E-002
        1255  5.859806876631542E-002
        1256  5.859806876631542E-002
        1257  5.859806876631542E-002
        1258  5.859806876631542E-002
        1259  5.859806876631542E-002
        1260  5.859806876631542E-002
        1261  5.859806876631542E-002
        1262  5.859806876631542E-002
        1263  5.859806876631542E-002
        1264  5.859806876631542E-002
        1265  5.859806876631542E-002
        1266  5.859806876631542E-002
        1267  5.859806876631542E-002
        1268  5.859806876631542E-002
        1269  5.859806876631542E-002
        1270  5.859806876631542E-002
        1271  5.859806876631542E-002
        1272  5.859806876631542E-002
        1273  5.859806876631542E-002
        1274  5.859806876631542E-002
        1275  5.859806876631542E-002
        1276  5.859806876631542E-002
        1277  5.859806876631542E-002
        1278  5.859806876631542E-002
        1279  5.859806876631542E-002
        1280  5.859806876631542E-002
        1281  5.859806876631542E-002
        1282  5.859806876631542E-002
        1283  5.859806876631542E-002
        1284  5.859806876631542E-002
        1285  5.859806876631542E-002
        1286  5.859806876631542E-002
        1287  5.859806876631542E-002
        1288  5.859806876631542E-002
        1289  5.859806876631542E-002
        1290  5.859806876631542E-002
        1291  5.859806876631542E-002
        1292  5.859806876631542E-002
        1293  5.859806876631542E-002
        1294  5.859806876631542E-002
        1295  5.859806876631542E-002
        1296  5.859806876631542E-002
        1297  5.859806876631542E-002
        1298  5.859806876631542E-002
        1299  5.859806876631542E-002
        1300  5.859806876631542E-002
        1301  5.859806876631542E-002
        1302  5.859806876631542E-002
        1303  5.859806876631542E-002
        1304  5.859806876631542E-002
        1305  5.859806876631542E-002
        1306  5.859806876631542E-002
        1307  5.859806876631542E-002
        1308  5.859806876631542E-002
        1309  5.859806876631542E-002
        1310  5.859806876631542E-002
        1311  5.859806876631542E-002
        1312  5.859806876631542E-002
        1313  5.859806876631542E-002
        1314  5.859806876631542E-002
        1315  5.859806876631542E-002
        1316  5.859806876631542E-002
        1317  5.859806876631542E-002
        1318  5.859806876631542E-002
        1319  5.859806876631542E-002
        1320  5.859806876631542E-002
        1321  5.859806876631542E-002
        1322  5.859806876631542E-002
        1323  5.859806876631542E-002
        1324  5.859806876631542E-002
        1325  5.859806876631542E-002
        1326  5.859806876631542E-002
        1327  5.859806876631542E-002
        1328  5.859806876631542E-002
        1329  5.859806876631542E-002
        1330  5.859806876631542E-002
        1331  5.859806876631542E-002
        1332  5.859806876631542E-002
        1333  5.859806876631542E-002
        1334  5.859806876631542E-002
        1335  5.859806876631542E-002
        1336  5.859806876631542E-002
        1337  5.859806876631542E-002
        1338  5.859806876631542E-002
        1339  5.859806876631542E-002
        1340  5.859806876631542E-002
        1341  5.859806876631542E-002
        1342  5.859806876631542E-002
        1343  5.859806876631542E-002
        1344  5.859806876631542E-002
        1345  5.859806876631542E-002
        1346  5.859806876631542E-002
        1347  5.859806876631542E-002
        1348  5.859806876631542E-002
        1349  5.859806876631542E-002
        1350  5.859806876631542E-002
        1351  5.859806876631542E-002
        1352  5.859806876631542E-002
        1353  5.859806876631542E-002
        1354  5.859806876631542E-002
        1355  5.859806876631542E-002
        1356  5.859806876631542E-002
        1357  5.859806876631542E-002
        1358  5.859806876631542E-002
        1359  5.859806876631542E-002
        1360  5.859806876631542E-002
        1361  5.859806876631542E-002
        1362  5.859806876631542E-002
        1363  5.859806876631542E-002
        1364  5.859806876631542E-002
        1365  5.859806876631542E-002
        1366  5.859806876631542E-002
        1367  5.859806876631542E-002
        1368  5.859806876631542E-002
        1369  5.859806876631542E-002
        1370  5.859806876631542E-002
        1371  5.859806876631542E-002
        1372  5.859806876631542E-002
        1373  5.859806876631542E-002
        1374  5.859806876631542E-002
        1375  5.859806876631542E-002
        1376  5.859806876631542E-002
        1377  5.859806876631542E-002
        1378  5.859806876631542E-002
        1379  5.859806876631542E-002
        1380  5.859806876631542E-002
        1381  5.859806876631542E-002
        1382  5.859806876631542E-002
        1383  5.859806876631542E-002
        1384  5.859806876631542E-002
        1385  5.859806876631542E-002
        1386  5.859806876631542E-002
        1387  5.859806876631542E-002
        1388  5.859806876631542E-002
        1389  5.859806876631542E-002
        1390  5.859806876631542E-002
        1391  5.859806876631542E-002
        1392  5.859806876631542E-002
        1393  5.859806876631542E-002
        1394  5.859806876631542E-002
        1395  5.859806876631542E-002
        1396  5.859806876631542E-002
        1397  5.859806876631542E-002
        1398  5.859806876631542E-002
        1399  5.859806876631542E-002
        1400  5.859806876631542E-002
        1401  5.859806876631542E-002
        1402  5.859806876631542E-002
        1403  5.859806876631542E-002
        1404  5.859806876631542E-002
        1405  5.859806876631542E-002
        1406  5.859806876631542E-002
        1407  5.859806876631542E-002
        1408  5.859806876631542E-002
        1409  5.859806876631542E-002
        1410  5.859806876631542E-002
        1411  5.859806876631542E-002
        1412  5.859806876631542E-002
        1413  5.859806876631542E-002
        1414  5.859806876631542E-002
        1415  5.859806876631542E-002
        1416  5.859806876631542E-002
        1417  5.859806876631542E-002
        1418  5.859806876631542E-002
        1419  5.859806876631542E-002
        1420  5.859806876631542E-002
        1421  5.859806876631542E-002
        1422  5.859806876631542E-002
        1423  5.859806876631542E-002
        1424  5.859806876631542E-002
        1425  5.859806876631542E-002
        1426  5.859806876631542E-002
        1427  5.859806876631542E-002
        1428  5.859806876631542E-002
        1429  5.859806876631542E-002
        1430  5.859806876631542E-002
        1431  5.859806876631542E-002
        1432  5.859806876631542E-002
        1433  5.859806876631542E-002
        1434  5.859806876631542E-002
        1435  5.859806876631542E-002
        1436  5.859806876631542E-002
        1437  5.859806876631542E-002
        1438  5.859806876631542E-002
        1439  5.859806876631542E-002
        1440  5.859806876631542E-002
        1441  5.859806876631542E-002
        1442  5.859806876631542E-002
        1443  5.859806876631542E-002
        1444  5.859806876631542E-002
        1445  5.859806876631542E-002
        1446  5.859806876631542E-002
        1447  5.859806876631542E-002
        1448  5.859806876631542E-002
        1449  5.859806876631542E-002
        1450  5.859806876631542E-002
        1451  5.859806876631542E-002
        1452  5.859806876631542E-002
        1453  5.859806876631542E-002
        1454  5.859806876631542E-002
        1455  5.859806876631542E-002
        1456  5.859806876631542E-002
        1457  5.859806876631542E-002
        1458  5.859806876631542E-002
        1459  5.859806876631542E-002
        1460  5.859806876631542E-002
        1461  5.859806876631542E-002
        1462  5.859806876631542E-002
        1463  5.859806876631542E-002
        1464  5.859806876631542E-002
        1465  5.859806876631542E-002
        1466  5.859806876631542E-002
        1467  5.859806876631542E-002
        1468  5.859806876631542E-002
        1469  5.859806876631542E-002
        1470  5.859806876631542E-002
        1471  5.859806876631542E-002
        1472  5.859806876631542E-002
        1473  5.859806876631542E-002
        1474  5.859806876631542E-002
        1475  5.859806876631542E-002
        1476  5.859806876631542E-002
        1477  5.859806876631542E-002
        1478  5.859806876631542E-002
        1479  5.859806876631542E-002
        1480  5.859806876631542E-002
        1481  5.859806876631542E-002
        1482  5.859806876631542E-002
        1483  5.859806876631542E-002
        1484  5.859806876631542E-002
        1485  5.859806876631542E-002
        1486  5.859806876631542E-002
        1487  5.859806876631542E-002
        1488  5.859806876631542E-002
        1489  5.859806876631542E-002
        1490  5.859806876631542E-002
        1491  5.859806876631542E-002
        1492  5.859806876631542E-002
        1493  5.859806876631542E-002
        1494  5.859806876631542E-002
        1495  5.859806876631542E-002
        1496  5.859806876631542E-002
        1497  5.859806876631542E-002
        1498  5.859806876631542E-002
        1499  5.859806876631542E-002
        1500  5.859806876631542E-002
        1501  5.859806876631542E-002
        1502  5.859806876631542E-002
        1503  5.859806876631542E-002
        1504  5.859806876631542E-002
        1505  5.859806876631542E-002
        1506  5.859806876631542E-002
        1507  5.859806876631542E-002
        1508  5.859806876631542E-002
        1509  5.859806876631542E-002
        1510  5.859806876631542E-002
        1511  5.859806876631542E-002
        1512  5.859806876631542E-002
        1513  5.859806876631542E-002
        1514  5.859806876631542E-002
        1515  5.859806876631542E-002
        1516  5.859806876631542E-002
        1517  5.859806876631542E-002
        1518  5.859806876631542E-002
        1519  5.859806876631542E-002
        1520  5.859806876631542E-002
        1521  5.859806876631542E-002
        1522  5.859806876631542E-002
        1523  5.859806876631542E-002
        1524  5.859806876631542E-002
        1525  5.859806876631542E-002
        1526  5.859806876631542E-002
        1527  5.859806876631542E-002
        1528  5.859806876631542E-002
        1529  5.859806876631542E-002
        1530  5.859806876631542E-002
        1531  5.859806876631542E-002
        1532  5.859806876631542E-002
        1533  5.859806876631542E-002
        1534  5.859806876631542E-002
        1535  5.859806876631542E-002
        1536  5.859806876631542E-002
        1537  5.859806876631542E-002
        1538  5.859806876631542E-002
        1539  5.859806876631542E-002
        1540  5.859806876631542E-002
        1541  5.859806876631542E-002
        1542  5.859806876631542E-002
        1543  5.859806876631542E-002
        1544  5.859806876631542E-002
        1545  5.859806876631542E-002
        1546  5.859806876631542E-002
        1547  5.859806876631542E-002
        1548  5.859806876631542E-002
        1549  5.859806876631542E-002
        1550  5.859806876631542E-002
        1551  5.859806876631542E-002
        1552  5.859806876631542E-002
        1553  5.859806876631542E-002
        1554  5.859806876631542E-002
        1555  5.859806876631542E-002
        1556  5.859806876631542E-002
        1557  5.859806876631542E-002
        1558  5.859806876631542E-002
        1559  5.859806876631542E-002
        1560  5.859806876631542E-002
        1561  5.859806876631542E-002
        1562  5.859806876631542E-002
        1563  5.859806876631542E-002
        1564  5.859806876631542E-002
        1565  5.859806876631542E-002
        1566  5.859806876631542E-002
        1567  5.859806876631542E-002
        1568  5.859806876631542E-002
        1569  5.859806876631542E-002
        1570  5.859806876631542E-002
        1571  5.859806876631542E-002
        1572  5.859806876631542E-002
        1573  5.859806876631542E-002
        1574  5.859806876631542E-002
        1575  5.859806876631542E-002
        1576  5.859806876631542E-002
        1577  5.859806876631542E-002
        1578  5.859806876631542E-002
        1579  5.859806876631542E-002
        1580  5.859806876631542E-002
        1581  5.859806876631542E-002
        1582  5.859806876631542E-002
        1583  5.859806876631542E-002
        1584  5.859806876631542E-002
        1585  5.859806876631542E-002
        1586  5.859806876631542E-002
        1587  5.859806876631542E-002
        1588  5.859806876631542E-002
        1589  5.859806876631542E-002
        1590  5.859806876631542E-002
        1591  5.859806876631542E-002
        1592  5.859806876631542E-002
        1593  5.859806876631542E-002
        1594  5.859806876631542E-002
        1595  5.859806876631542E-002
        1596  5.859806876631542E-002
        1597  5.859806876631542E-002
        1598  5.859806876631542E-002
        1599  5.859806876631542E-002
        1600  5.859806876631542E-002
        1601  5.859806876631542E-002
        1602  5.859806876631542E-002
        1603  5.859806876631542E-002
        1604  5.859806876631542E-002
        1605  5.859806876631542E-002
        1606  5.859806876631542E-002
        1607  5.859806876631542E-002
        1608  5.859806876631542E-002
        1609  5.859806876631542E-002
        1610  5.859806876631542E-002
        1611  5.859806876631542E-002
        1612  5.859806876631542E-002
        1613  5.859806876631542E-002
        1614  5.859806876631542E-002
        1615  5.859806876631542E-002
        1616  5.859806876631542E-002
        1617  5.859806876631542E-002
        1618  5.859806876631542E-002
        1619  5.859806876631542E-002
        1620  5.859806876631542E-002
        1621  5.859806876631542E-002
        1622  5.859806876631542E-002
        1623  5.859806876631542E-002
        1624  5.859806876631542E-002
        1625  5.859806876631542E-002
        1626  5.859806876631542E-002
        1627  5.859806876631542E-002
        1628  5.859806876631542E-002
        1629  5.859806876631542E-002
        1630  5.859806876631542E-002
        1631  5.859806876631542E-002
        1632  5.859806876631542E-002
        1633  5.859806876631542E-002
        1634  5.859806876631542E-002
        1635  5.859806876631542E-002
        1636  5.859806876631542E-002
        1637  5.859806876631542E-002
        1638  5.859806876631542E-002
        1639  5.859806876631542E-002
        1640  5.859806876631542E-002
        1641  5.859806876631542E-002
        1642  5.859806876631542E-002
        1643  5.859806876631542E-002
        1644  5.859806876631542E-002
        1645  5.859806876631542E-002
        1646  5.859806876631542E-002
        1647  5.859806876631542E-002
        1648  5.859806876631542E-002
        1649  5.859806876631542E-002
        1650  5.859806876631542E-002
        1651  5.859806876631542E-002
        1652  5.859806876631542E-002
        1653  5.859806876631542E-002
        1654  5.859806876631542E-002
        1655  5.859806876631542E-002
        1656  5.859806876631542E-002
        1657  5.859806876631542E-002
        1658  5.859806876631542E-002
        1659  5.859806876631542E-002
        1660  5.859806876631542E-002
        1661  5.859806876631542E-002
        1662  5.859806876631542E-002
        1663  5.859806876631542E-002
        1664  5.859806876631542E-002
        1665  5.859806876631542E-002
        1666  5.859806876631542E-002
        1667  5.859806876631542E-002
        1668  5.859806876631542E-002
        1669  5.859806876631542E-002
        1670  5.859806876631542E-002
        1671  5.859806876631542E-002
        1672  5.859806876631542E-002
        1673  5.859806876631542E-002
        1674  5.859806876631542E-002
        1675  5.859806876631542E-002
        1676  5.859806876631542E-002
        1677  5.859806876631542E-002
        1678  5.859806876631542E-002
        1679  5.859806876631542E-002
        1680  5.859806876631542E-002
        1681  5.859806876631542E-002
        1682  5.859806876631542E-002
        1683  5.859806876631542E-002
        1684  5.859806876631542E-002
        1685  5.859806876631542E-002
        1686  5.859806876631542E-002
        1687  5.859806876631542E-002
        1688  5.859806876631542E-002
        1689  5.859806876631542E-002
        1690  5.859806876631542E-002
        1691  5.859806876631542E-002
        1692  5.859806876631542E-002
        1693  5.859806876631542E-002
        1694  5.859806876631542E-002
        1695  5.859806876631542E-002
        1696  5.859806876631542E-002
        1697  5.859806876631542E-002
        1698  5.859806876631542E-002
        1699  5.859806876631542E-002
        1700  5.859806876631542E-002
        1701  5.859806876631542E-002
        1702  5.859806876631542E-002
        1703  5.859806876631542E-002
        1704  5.859806876631542E-002
        1705  5.859806876631542E-002
        1706  5.859806876631542E-002
        1707  5.859806876631542E-002
        1708  5.859806876631542E-002
        1709  5.859806876631542E-002
        1710  5.859806876631542E-002
        1711  5.859806876631542E-002
        1712  5.859806876631542E-002
        1713  5.859806876631542E-002
        1714  5.859806876631542E-002
        1715  5.859806876631542E-002
        1716  5.859806876631542E-002
        1717  5.859806876631542E-002
        1718  5.859806876631542E-002
        1719  5.859806876631542E-002
        1720  5.859806876631542E-002
        1721  5.859806876631542E-002
        1722  5.859806876631542E-002
        1723  5.859806876631542E-002
        1724  5.859806876631542E-002
        1725  5.859806876631542E-002
        1726  5.859806876631542E-002
        1727  5.859806876631542E-002
        1728  5.859806876631542E-002
        1729  5.859806876631542E-002
        1730  5.859806876631542E-002
        1731  5.859806876631542E-002
        1732  5.859806876631542E-002
        1733  5.859806876631542E-002
        1734  5.859806876631542E-002
        1735  5.859806876631542E-002
        1736  5.859806876631542E-002
        1737  5.859806876631542E-002
        1738  5.859806876631542E-002
        1739  5.859806876631542E-002
        1740  5.859806876631542E-002
        1741  5.859806876631542E-002
        1742  5.859806876631542E-002
        1743  5.859806876631542E-002
        1744  5.859806876631542E-002
        1745  5.859806876631542E-002
        1746  5.859806876631542E-002
        1747  5.859806876631542E-002
        1748  5.859806876631542E-002
        1749  5.859806876631542E-002
        1750  5.859806876631542E-002
        1751  5.859806876631542E-002
        1752  5.859806876631542E-002
        1753  5.859806876631542E-002
        1754  5.859806876631542E-002
        1755  5.859806876631542E-002
        1756  5.859806876631542E-002
        1757  5.859806876631542E-002
        1758  5.859806876631542E-002
        1759  5.859806876631542E-002
        1760  5.859806876631542E-002
        1761  5.859806876631542E-002
        1762  5.859806876631542E-002
        1763  5.859806876631542E-002
        1764  5.859806876631542E-002
        1765  5.859806876631542E-002
        1766  5.859806876631542E-002
        1767  5.859806876631542E-002
        1768  5.859806876631542E-002
        1769  5.859806876631542E-002
        1770  5.859806876631542E-002
        1771  5.859806876631542E-002
        1772  5.859806876631542E-002
        1773  5.859806876631542E-002
        1774  5.859806876631542E-002
        1775  5.859806876631542E-002
        1776  5.859806876631542E-002
        1777  5.859806876631542E-002
        1778  5.859806876631542E-002
        1779  5.859806876631542E-002
        1780  5.859806876631542E-002
        1781  5.859806876631542E-002
        1782  5.859806876631542E-002
        1783  5.859806876631542E-002
        1784  5.859806876631542E-002
        1785  5.859806876631542E-002
        1786  5.859806876631542E-002
        1787  5.859806876631542E-002
        1788  5.859806876631542E-002
        1789  5.859806876631542E-002
        1790  5.859806876631542E-002
        1791  5.859806876631542E-002
        1792  5.859806876631542E-002
        1793  5.859806876631542E-002
        1794  5.859806876631542E-002
        1795  5.859806876631542E-002
        1796  5.859806876631542E-002
        1797  5.859806876631542E-002
        1798  5.859806876631542E-002
        1799  5.859806876631542E-002
        1800  5.859806876631542E-002
        1801  5.859806876631542E-002
        1802  5.859806876631542E-002
        1803  5.859806876631542E-002
        1804  5.859806876631542E-002
        1805  5.859806876631542E-002
        1806  5.859806876631542E-002
        1807  5.859806876631542E-002
        1808  5.859806876631542E-002
        1809  5.859806876631542E-002
        1810  5.859806876631542E-002
        1811  5.859806876631542E-002
        1812  5.859806876631542E-002
        1813  5.859806876631542E-002
        1814  5.859806876631542E-002
        1815  5.859806876631542E-002
        1816  5.859806876631542E-002
        1817  5.859806876631542E-002
        1818  5.859806876631542E-002
        1819  5.859806876631542E-002
        1820  5.859806876631542E-002
        1821  5.859806876631542E-002
        1822  5.859806876631542E-002
        1823  5.859806876631542E-002
        1824  5.859806876631542E-002
        1825  5.859806876631542E-002
        1826  5.859806876631542E-002
        1827  5.859806876631542E-002
        1828  5.859806876631542E-002
        1829  5.859806876631542E-002
        1830  5.859806876631542E-002
        1831  5.859806876631542E-002
        1832  5.859806876631542E-002
        1833  5.859806876631542E-002
        1834  5.859806876631542E-002
        1835  5.859806876631542E-002
        1836  5.859806876631542E-002
        1837  5.859806876631542E-002
        1838  5.859806876631542E-002
        1839  5.859806876631542E-002
        1840  5.859806876631542E-002
        1841  5.859806876631542E-002
        1842  5.859806876631542E-002
        1843  5.859806876631542E-002
        1844  5.859806876631542E-002
        1845  5.859806876631542E-002
        1846  5.859806876631542E-002
        1847  5.859806876631542E-002
        1848  5.859806876631542E-002
        1849  5.859806876631542E-002
        1850  5.859806876631542E-002
        1851  5.859806876631542E-002
        1852  5.859806876631542E-002
        1853  5.859806876631542E-002
        1854  5.859806876631542E-002
        1855  5.859806876631542E-002
        1856  5.859806876631542E-002
        1857  5.859806876631542E-002
        1858  5.859806876631542E-002
        1859  5.859806876631542E-002
        1860  5.859806876631542E-002
        1861  5.859806876631542E-002
        1862  5.859806876631542E-002
        1863  5.859806876631542E-002
        1864  5.859806876631542E-002
        1865  5.859806876631542E-002
        1866  5.859806876631542E-002
        1867  5.859806876631542E-002
        1868  5.859806876631542E-002
        1869  5.859806876631542E-002
        1870  5.859806876631542E-002
        1871  5.859806876631542E-002
        1872  5.859806876631542E-002
        1873  5.859806876631542E-002
        1874  5.859806876631542E-002
        1875  5.859806876631542E-002
        1876  5.859806876631542E-002
        1877  5.859806876631542E-002
        1878  5.859806876631542E-002
        1879  5.859806876631542E-002
        1880  5.859806876631542E-002
        1881  5.859806876631542E-002
        1882  5.859806876631542E-002
        1883  5.859806876631542E-002
        1884  5.859806876631542E-002
        1885  5.859806876631542E-002
        1886  5.859806876631542E-002
        1887  5.859806876631542E-002
        1888  5.859806876631542E-002
        1889  5.859806876631542E-002
        1890  5.859806876631542E-002
        1891  5.859806876631542E-002
        1892  5.859806876631542E-002
        1893  5.859806876631542E-002
        1894  5.859806876631542E-002
        1895  5.859806876631542E-002
        1896  5.859806876631542E-002
        1897  5.859806876631542E-002
        1898  5.859806876631542E-002
        1899  5.859806876631542E-002
        1900  5.859806876631542E-002
        1901  5.859806876631542E-002
        1902  5.859806876631542E-002
        1903  5.859806876631542E-002
        1904  5.859806876631542E-002
        1905  5.859806876631542E-002
        1906  5.859806876631542E-002
        1907  5.859806876631542E-002
        1908  5.859806876631542E-002
        1909  5.859806876631542E-002
        1910  5.859806876631542E-002
        1911  5.859806876631542E-002
        1912  5.859806876631542E-002
        1913  5.859806876631542E-002
        1914  5.859806876631542E-002
        1915  5.859806876631542E-002
        1916  5.859806876631542E-002
        1917  5.859806876631542E-002
        1918  5.859806876631542E-002
        1919  5.859806876631542E-002
        1920  5.859806876631542E-002
        1921  5.859806876631542E-002
        1922  5.859806876631542E-002
        1923  5.859806876631542E-002
        1924  5.859806876631542E-002
        1925  5.859806876631542E-002
        1926  5.859806876631542E-002
        1927  5.859806876631542E-002
        1928  5.859806876631542E-002
        1929  5.859806876631542E-002
        1930  5.859806876631542E-002
        1931  5.859806876631542E-002
        1932  5.859806876631542E-002
        1933  5.859806876631542E-002
        1934  5.859806876631542E-002
        1935  5.859806876631542E-002
        1936  5.859806876631542E-002
        1937  5.859806876631542E-002
        1938  5.859806876631542E-002
        1939  5.859806876631542E-002
        1940  5.859806876631542E-002
        1941  5.859806876631542E-002
        1942  5.859806876631542E-002
        1943  5.859806876631542E-002
        1944  5.859806876631542E-002
        1945  5.859806876631542E-002
        1946  5.859806876631542E-002
        1947  5.859806876631542E-002
        1948  5.859806876631542E-002
        1949  5.859806876631542E-002
        1950  5.859806876631542E-002
        1951  5.859806876631542E-002
        1952  5.859806876631542E-002
        1953  5.859806876631542E-002
        1954  5.859806876631542E-002
        1955  5.859806876631542E-002
        1956  5.859806876631542E-002
        1957  5.859806876631542E-002
        1958  5.859806876631542E-002
        1959  5.859806876631542E-002
        1960  5.859806876631542E-002
        1961  5.859806876631542E-002
        1962  5.859806876631542E-002
        1963  5.859806876631542E-002
        1964  5.859806876631542E-002
        1965  5.859806876631542E-002
        1966  5.859806876631542E-002
        1967  5.859806876631542E-002
        1968  5.859806876631542E-002
        1969  5.859806876631542E-002
        1970  5.859806876631542E-002
        1971  5.859806876631542E-002
        1972  5.859806876631542E-002
        1973  5.859806876631542E-002
        1974  5.859806876631542E-002
        1975  5.859806876631542E-002
        1976  5.859806876631542E-002
        1977  5.859806876631542E-002
        1978  5.859806876631542E-002
        1979  5.859806876631542E-002
        1980  5.859806876631542E-002
        1981  5.859806876631542E-002
        1982  5.859806876631542E-002
        1983  5.859806876631542E-002
        1984  5.859806876631542E-002
        1985  5.859806876631542E-002
        1986  5.859806876631542E-002
        1987  5.859806876631542E-002
        1988  5.859806876631542E-002
        1989  5.859806876631542E-002
        1990  5.859806876631542E-002
        1991  5.859806876631542E-002
        1992  5.859806876631542E-002
        1993  5.859806876631542E-002
        1994  5.859806876631542E-002
        1995  5.859806876631542E-002
        1996  5.859806876631542E-002
        1997  5.859806876631542E-002
        1998  5.859806876631542E-002
        1999  5.859806876631542E-002
        2000  5.859806876631542E-002
