 #QIN FIN      W0(meV)     FWHM(meV)    TAU(ps)     VEL         LAMBDA        KAPPA_X      KAPPA_Y      KAPPA_Z      KAPPA        CV             Chisq
   1   1      9.3286       0.9145       1.4397       0.0000       0.0000       0.0000       0.0000       0.0000       0.0000       0.49196E+05           0.00010
   1   2     12.2302       1.0787       1.2205       0.0000       0.0000       0.0000       0.0000       0.0000       0.0000       0.48815E+05           0.00004
   1   3     15.3625       1.1431       1.1517       0.3474       0.4001       0.0000       0.0001       0.0000       0.0000       0.48294E+05           0.00003
   1   4     15.3023       1.1027       1.1939       0.3474       0.4148       0.0000       0.0001       0.0000       0.0000       0.48305E+05           0.00003
   1   5     18.0935       1.3029       1.0105       8.4797       8.5684       0.0087       0.0260       0.0000       0.0116       0.47751E+05           0.00002
   1   6     17.9168       1.2175       1.0814       8.4797       9.1697       0.0093       0.0279       0.0000       0.0124       0.47788E+05           0.00002
   1   7     19.3212       1.1934       1.1032       0.0033       0.0037       0.0000       0.0000       0.0000       0.0000       0.47481E+05           0.00002
   1   8     19.3193       1.0883       1.2097       0.0034       0.0041       0.0000       0.0000       0.0000       0.0000       0.47481E+05           0.00003
   1   9     23.2971       2.0854       0.6313       9.7053       6.1269       0.0069       0.0207       0.0000       0.0092       0.46499E+05           0.00003
   1  10     22.4972       1.9817       0.6643       9.7056       6.4478       0.0073       0.0219       0.0000       0.0097       0.46709E+05           0.00005
   1  11     23.1111       1.4772       0.8913       0.0001       0.0001       0.0000       0.0000       0.0000       0.0000       0.46548E+05           0.00003
   1  12     25.1282       1.4738       0.8933       0.0001       0.0001       0.0000       0.0000       0.0000       0.0000       0.45995E+05           0.00010
   1  13     26.1054       1.8656       0.7057      10.0128       7.0658       0.0081       0.0243       0.0000       0.0108       0.45714E+05           0.00002
   1  14     25.5388       1.5313       0.8598      10.0128       8.6086       0.0099       0.0297       0.0000       0.0132       0.45878E+05           0.00002
   1  15     29.0027       1.1219       1.1735       0.0000       0.0000       0.0000       0.0000       0.0000       0.0000       0.44829E+05           0.00003
   1  16     27.7969       3.2095       0.4102       0.0000       0.0000       0.0000       0.0000       0.0000       0.0000       0.45206E+05           0.00000
   1  17     32.5116       2.2196       0.5931       1.0350       0.6139       0.0001       0.0002       0.0000       0.0001       0.43666E+05           0.00001
   1  18     32.4499       1.8233       0.7221       1.0352       0.7475       0.0001       0.0003       0.0000       0.0001       0.43687E+05           0.00001
   1  19     32.5460       3.4633       0.3801       0.0003       0.0001       0.0000       0.0000       0.0000       0.0000       0.43654E+05           0.00001
   1  20     35.7681       1.3271       0.9920       0.0001       0.0001       0.0000       0.0000       0.0000       0.0000       0.42505E+05           0.00002
   1  21     35.7955       2.0341       0.6472       3.8473       2.4900       0.0010       0.0031       0.0000       0.0014       0.42495E+05           0.00000
   1  22     35.6947       1.8597       0.7079       3.8472       2.7235       0.0011       0.0033       0.0000       0.0015       0.42532E+05           0.00001
   1  23     35.7411       3.6871       0.3571       2.8020       1.0005       0.0003       0.0009       0.0000       0.0004       0.42515E+05           0.00000
   1  24     35.4052       2.9945       0.4396       2.8020       1.2319       0.0004       0.0011       0.0000       0.0005       0.42638E+05           0.00000
   1  25     40.5213       1.4853       0.8864       0.0000       0.0000       0.0000       0.0000       0.0000       0.0000       0.40690E+05           0.00001
   1  26     40.8196       1.9656       0.6698       0.0008       0.0005       0.0000       0.0000       0.0000       0.0000       0.40572E+05           0.00001
   1  27     40.8426       2.3202       0.5674       0.8355       0.4741       0.0000       0.0001       0.0000       0.0001       0.40562E+05           0.00001
   1  28     40.7572       2.4258       0.5427       0.8346       0.4530       0.0000       0.0001       0.0000       0.0001       0.40596E+05           0.00000
   1  29     47.4587       1.7070       0.7713       0.0000       0.0000       0.0000       0.0000       0.0000       0.0000       0.37839E+05           0.00000
   1  30     48.0425       1.5205       0.8659       5.7971       5.0196       0.0027       0.0082       0.0000       0.0036       0.37590E+05           0.00001
   1  31     47.5715       1.6929       0.7777       5.7971       4.5084       0.0025       0.0074       0.0000       0.0033       0.37791E+05           0.00001
   1  32     50.4698       1.5777       0.8345       0.2115       0.1765       0.0000       0.0000       0.0000       0.0000       0.36547E+05           0.00001
   1  33     50.5833       1.9015       0.6924       0.2115       0.1464       0.0000       0.0000       0.0000       0.0000       0.36498E+05           0.00001
   1  34     51.8829       1.9438       0.6773       0.0000       0.0000       0.0000       0.0000       0.0000       0.0000       0.35933E+05           0.00001
   1  35     52.4644       1.7525       0.7512       5.1498       3.8686       0.0018       0.0053       0.0000       0.0024       0.35679E+05           0.00001
   1  36     52.3290       1.8222       0.7225       5.1498       3.7207       0.0017       0.0051       0.0000       0.0023       0.35738E+05           0.00001
   1  37     58.1664       4.7632       0.2764      10.3141       2.8508       0.0024       0.0073       0.0000       0.0032       0.33160E+05           0.00001
   1  38     57.8460       4.3499       0.3027      10.3141       3.1216       0.0027       0.0080       0.0000       0.0036       0.33302E+05           0.00000
   1  39     59.6780       7.6286       0.1726       0.0000       0.0000       0.0000       0.0000       0.0000       0.0000       0.32487E+05           0.00001
   1  40     61.9803       2.6460       0.4975       0.0000       0.0000       0.0000       0.0000       0.0000       0.0000       0.31462E+05           0.00002
   1  41     63.2877       5.0069       0.2629       1.0036       0.2639       0.0000       0.0001       0.0000       0.0000       0.30880E+05           0.00001
   1  42     62.8564       5.9369       0.2218       1.0036       0.2225       0.0000       0.0001       0.0000       0.0000       0.31072E+05           0.00001
   1  43     65.2959       1.8333       0.7181       8.6810       6.2340       0.0041       0.0122       0.0000       0.0054       0.29988E+05           0.00000
   1  44     64.6302       2.3202       0.5674       8.6810       4.9258       0.0032       0.0097       0.0000       0.0043       0.30283E+05           0.00002
   1  45     77.9546       1.6299       0.8077       0.0000       0.0000       0.0000       0.0000       0.0000       0.0000       0.24517E+05           0.00001
   1  46     78.7550       1.4461       0.9104       0.0000       0.0000       0.0000       0.0000       0.0000       0.0000       0.24184E+05           0.00002
   1  47     79.3539       1.6444       0.8006       0.2585       0.2070       0.0000       0.0000       0.0000       0.0000       0.23936E+05           0.00002
   1  48     79.1271       1.9566       0.6729       0.2586       0.1740       0.0000       0.0000       0.0000       0.0000       0.24030E+05           0.00001
   1  49     86.7281       1.5468       0.8511       0.0000       0.0000       0.0000       0.0000       0.0000       0.0000       0.20986E+05           0.00001
   1  50     90.0905       1.9825       0.6641      11.7276       7.7879       0.0045       0.0135       0.0000       0.0060       0.19709E+05           0.00001
   1  51     89.8606       2.1337       0.6170      11.7276       7.2360       0.0042       0.0126       0.0000       0.0056       0.19795E+05           0.00002
   1  52    115.4238       1.4589       0.9024       0.0000       0.0000       0.0000       0.0000       0.0000       0.0000       0.11677E+05           0.00001
   1  53    116.7949       1.4491       0.9085       0.0000       0.0000       0.0000       0.0000       0.0000       0.0000       0.11325E+05           0.00002
   1  54    117.8196       1.4937       0.8814       0.2062       0.1818       0.0000       0.0000       0.0000       0.0000       0.11068E+05           0.00002
   1  55    117.8213       1.3763       0.9566       0.2062       0.1973       0.0000       0.0000       0.0000       0.0000       0.11067E+05           0.00001
   1  56    121.8211       1.4676       0.8970       2.7838       2.4972       0.0002       0.0005       0.0000       0.0002       0.10105E+05           0.00003
   1  57    121.6733       1.4041       0.9376       2.7838       2.6102       0.0002       0.0006       0.0000       0.0002       0.10139E+05           0.00002
   1  58    125.3169       1.2905       1.0201       0.0000       0.0000       0.0000       0.0000       0.0000       0.0000       0.93193E+04           0.00002
   1  59    125.5022       1.4053       0.9368       7.2375       6.7802       0.0011       0.0034       0.0000       0.0015       0.92790E+04           0.00002
   1  60    125.5296       1.4465       0.9101       7.2375       6.5870       0.0011       0.0033       0.0000       0.0015       0.92731E+04           0.00001
   1  61    130.7347       1.5527       0.8479       8.4289       7.1470       0.0012       0.0037       0.0000       0.0016       0.82005E+04           0.00001
   1  62    130.6837       1.4757       0.8921       8.4289       7.5197       0.0013       0.0039       0.0000       0.0017       0.82104E+04           0.00001
   1  63    132.5570       1.3099       1.0051       0.0000       0.0000       0.0000       0.0000       0.0000       0.0000       0.78500E+04           0.00002
   2   1    -15.4067       1.2699       1.0367       0.0000       0.0000       0.0000       0.0000       0.0000       0.0000       0.48286E+05           0.00007
   2   2    -15.4600       1.3326       0.9879       0.0000       0.0000       0.0000       0.0000       0.0000       0.0000       0.48276E+05           0.00007
   2   3    -31.6681       3.3806       0.3894       0.0000       0.0000       0.0000       0.0000       0.0000       0.0000       0.43954E+05           0.00001
   2   4      7.3095       1.0818       1.2170       0.0000       0.0000       0.0000       0.0000       0.0000       0.0000       0.49402E+05           0.00006
   2   5      8.9835       0.8705       1.5123       0.0000       0.0000       0.0000       0.0000       0.0000       0.0000       0.49234E+05           0.00014
   2   6      9.6882       1.1106       1.1854       0.0000       0.0000       0.0000       0.0000       0.0000       0.0000       0.49154E+05           0.00007
   2   7      9.6610       1.1525       1.1423       0.0000       0.0000       0.0000       0.0000       0.0000       0.0000       0.49157E+05           0.00005
   2   8     15.3911       1.2491       1.0540       0.0000       0.0000       0.0000       0.0000       0.0000       0.0000       0.48289E+05           0.00003
   2   9     15.4409       1.3084       1.0062       0.0000       0.0000       0.0000       0.0000       0.0000       0.0000       0.48280E+05           0.00003
   2  10     22.4381       0.8720       1.5097       0.0000       0.0000       0.0000       0.0000       0.0000       0.0000       0.46724E+05           0.00014
   2  11     23.0740       1.7011       0.7739       0.0000       0.0000       0.0000       0.0000       0.0000       0.0000       0.46558E+05           0.00001
   2  12     23.1037       1.9808       0.6647       0.0000       0.0000       0.0000       0.0000       0.0000       0.0000       0.46550E+05           0.00002
   2  13     22.9998       1.0535       1.2497       0.0000       0.0000       0.0000       0.0000       0.0000       0.0000       0.46578E+05           0.00005
   2  14     22.9491       1.1259       1.1693       0.0000       0.0000       0.0000       0.0000       0.0000       0.0000       0.46591E+05           0.00004
   2  15     22.4449       1.2834       1.0258       0.0000       0.0000       0.0000       0.0000       0.0000       0.0000       0.46723E+05           0.00003
   2  16     31.6731       3.3825       0.3892       0.0000       0.0000       0.0000       0.0000       0.0000       0.0000       0.43952E+05           0.00001
   2  17     32.1657       1.4723       0.8942       0.0000       0.0000       0.0000       0.0000       0.0000       0.0000       0.43785E+05           0.00002
   2  18     32.1157       1.5418       0.8539       0.0000       0.0000       0.0000       0.0000       0.0000       0.0000       0.43802E+05           0.00002
   2  19     32.4677       3.4259       0.3843       0.0000       0.0000       0.0000       0.0000       0.0000       0.0000       0.43681E+05           0.00000
   2  20     35.5135       2.1441       0.6140       0.0000       0.0000       0.0000       0.0000       0.0000       0.0000       0.42598E+05           0.00000
   2  21     35.4767       1.9027       0.6919       0.0000       0.0000       0.0000       0.0000       0.0000       0.0000       0.42612E+05           0.00000
   2  22     36.7387       3.2650       0.4032       0.0000       0.0000       0.0000       0.0000       0.0000       0.0000       0.42145E+05           0.00000
   2  23     36.6082       3.1108       0.4232       0.0000       0.0000       0.0000       0.0000       0.0000       0.0000       0.42194E+05           0.00000
   2  24     38.3470       1.1440       1.1509       0.0000       0.0000       0.0000       0.0000       0.0000       0.0000       0.41536E+05           0.00004
   2  25     40.8864       1.1186       1.1770       0.0000       0.0000       0.0000       0.0000       0.0000       0.0000       0.40545E+05           0.00006
   2  26     43.3636       1.6743       0.7863       0.0000       0.0000       0.0000       0.0000       0.0000       0.0000       0.39547E+05           0.00001
   2  27     43.3085       1.6023       0.8217       0.0000       0.0000       0.0000       0.0000       0.0000       0.0000       0.39569E+05           0.00001
   2  28     44.3972       2.0067       0.6561       0.0000       0.0000       0.0000       0.0000       0.0000       0.0000       0.39122E+05           0.00002
   2  29     47.2268       1.1958       1.1010       0.0000       0.0000       0.0000       0.0000       0.0000       0.0000       0.37937E+05           0.00003
   2  30     47.2621       1.2406       1.0612       0.0000       0.0000       0.0000       0.0000       0.0000       0.0000       0.37922E+05           0.00003
   2  31     48.6835       1.3629       0.9660       0.0000       0.0000       0.0000       0.0000       0.0000       0.0000       0.37317E+05           0.00002
   2  32     51.8129       2.1230       0.6201       0.0000       0.0000       0.0000       0.0000       0.0000       0.0000       0.35963E+05           0.00001
   2  33     51.8634       2.4513       0.5371       0.0000       0.0000       0.0000       0.0000       0.0000       0.0000       0.35941E+05           0.00001
   2  34     51.4142       2.3083       0.5704       0.0000       0.0000       0.0000       0.0000       0.0000       0.0000       0.36137E+05           0.00000
   2  35     54.7345       1.4375       0.9159       0.0000       0.0000       0.0000       0.0000       0.0000       0.0000       0.34681E+05           0.00001
   2  36     54.5851       1.4399       0.9143       0.0000       0.0000       0.0000       0.0000       0.0000       0.0000       0.34747E+05           0.00001
   2  37     56.6437       1.9255       0.6837       0.0000       0.0000       0.0000       0.0000       0.0000       0.0000       0.33836E+05           0.00001
   2  38     57.0850       6.5329       0.2015       0.0000       0.0000       0.0000       0.0000       0.0000       0.0000       0.33640E+05           0.00002
   2  39     57.0262       6.5653       0.2005       0.0000       0.0000       0.0000       0.0000       0.0000       0.0000       0.33666E+05           0.00002
   2  40     57.6780       6.4332       0.2046       0.0000       0.0000       0.0000       0.0000       0.0000       0.0000       0.33377E+05           0.00001
   2  41     60.7297       2.0487       0.6426       0.0000       0.0000       0.0000       0.0000       0.0000       0.0000       0.32018E+05           0.00001
   2  42     60.8716       1.8900       0.6966       0.0000       0.0000       0.0000       0.0000       0.0000       0.0000       0.31955E+05           0.00001
   2  43     70.3316       1.5680       0.8396       0.0000       0.0000       0.0000       0.0000       0.0000       0.0000       0.27773E+05           0.00001
   2  44     70.3329       1.4714       0.8947       0.0000       0.0000       0.0000       0.0000       0.0000       0.0000       0.27772E+05           0.00002
   2  45     75.4496       1.6245       0.8104       0.0000       0.0000       0.0000       0.0000       0.0000       0.0000       0.25570E+05           0.00001
   2  46     76.5771       1.6974       0.7756       0.0000       0.0000       0.0000       0.0000       0.0000       0.0000       0.25094E+05           0.00001
   2  47     77.1455       1.7883       0.7362       0.0000       0.0000       0.0000       0.0000       0.0000       0.0000       0.24855E+05           0.00001
   2  48     77.0872       1.6846       0.7815       0.0000       0.0000       0.0000       0.0000       0.0000       0.0000       0.24879E+05           0.00001
   2  49     89.3279       1.3810       0.9533       0.0000       0.0000       0.0000       0.0000       0.0000       0.0000       0.19994E+05           0.00003
   2  50     89.4108       1.2864       1.0235       0.0000       0.0000       0.0000       0.0000       0.0000       0.0000       0.19963E+05           0.00002
   2  51     91.5147       1.4363       0.9166       0.0000       0.0000       0.0000       0.0000       0.0000       0.0000       0.19182E+05           0.00002
   2  52    115.2573       1.3808       0.9535       0.0000       0.0000       0.0000       0.0000       0.0000       0.0000       0.11721E+05           0.00002
   2  53    116.6832       1.3546       0.9719       0.0000       0.0000       0.0000       0.0000       0.0000       0.0000       0.11354E+05           0.00002
   2  54    117.6709       1.3236       0.9946       0.0000       0.0000       0.0000       0.0000       0.0000       0.0000       0.11105E+05           0.00002
   2  55    117.6993       1.3477       0.9769       0.0000       0.0000       0.0000       0.0000       0.0000       0.0000       0.11098E+05           0.00003
   2  56    124.9200       1.4756       0.8922       0.0000       0.0000       0.0000       0.0000       0.0000       0.0000       0.94059E+04           0.00009
   2  57    124.8809       1.3136       1.0022       0.0000       0.0000       0.0000       0.0000       0.0000       0.0000       0.94145E+04           0.00007
   2  58    122.9887       1.0862       1.2120       0.0000       0.0000       0.0000       0.0000       0.0000       0.0000       0.98367E+04           0.00005
   2  59    123.2547       1.1605       1.1344       0.0000       0.0000       0.0000       0.0000       0.0000       0.0000       0.97764E+04           0.00003
   2  60    123.2448       1.1837       1.1122       0.0000       0.0000       0.0000       0.0000       0.0000       0.0000       0.97787E+04           0.00003
   2  61    125.0688       1.2812       1.0276       0.0000       0.0000       0.0000       0.0000       0.0000       0.0000       0.93733E+04           0.00002
   2  62    129.1925       1.3579       0.9695       0.0000       0.0000       0.0000       0.0000       0.0000       0.0000       0.85070E+04           0.00006
   2  63    129.2043       1.3500       0.9752       0.0000       0.0000       0.0000       0.0000       0.0000       0.0000       0.85047E+04           0.00006
